   1           "ba"  582  4183.830566 2582.561768 9983.482422
   2           "er"  607  4587.862793 3902.372070 8536.448242
   3           "qi"  512  4777.934570 5213.058105 7735.085938
   4           "si"  593  6647.495117 3993.197754 6799.088379
   5           "sp" 5765  55164.996094
   6           "wu"  592  4234.978516 3534.602051 8080.075684
   7           "yi"  580  3574.465576 5672.184082 6627.623535
   8         "ling"  599  4063.187256 4839.958496 6818.159180
   9          "jiu"  578  6992.014648 3880.881348 6699.603516
  10          "liu"  556  6772.141602 4717.051758 5276.049805
  11          "san"  566  4183.405762 2715.285645 8347.029297
  12          "sil" 1798  65667.187500 55164.996094 19371.660156
